#[x,y,theta]
home: [0, 0, 0]
middle: [1, -2, 0.78]
table_big: [-0.2, -1.2, 0]
cob_recharge: [-0.5, -2.5, 0]


#youBot poses
S2: [1.268565, -0.935273, 1.564072]
S1: [1.240560, 1.002647, -1.578907]
D1: [0.455089, 0.052766, 0.022632]
