O2: [2.114318, -0.002842, 0.029230]
O3: [2.772734, -0.045907, 0.029342]
S2: [3.283201, -0.037162, 0.022966]
S3: [3.334419, -0.778653, 0.010216]
S1: [3.305016, 0.761064, -0.027495]
O1: [1.652170, -0.032255, -0.031302]
D1: [1.314255, -0.785081, -3.137707]
D2: [1.226818, 0.766789, -3.132363]
D0: [0.594851, 0.026808, -3.069405]
EXIT: [-0.001097, -0.125785, -2.910923]
