S1: [0.944842, 0.766773, -0.023614]
S2: [0.942034, -0.026238, -0.023394]
S3: [0.911289, -0.852286, -0.029691]
D2: [-1.021179, 0.758083, 3.107813]
D1: [-1.085045, -0.826894, 3.096786]
EXIT: [-2.586354, -0.026540, -3.105103]
