S1: [1.206542, 1.001293, -1.609243]
S2: [1.246758, -1.129841, 1.556583]
D1: [0.390642, 0.053814, -0.064701]
