open: [[0.0, -0.98540000000000005, 0.94720000000000004, -0.98540000000000005, 0.94720000000000004,
  -0.98540000000000005, 0.94720000000000004]]
close: [[0.0, 0.0, 1.0471999999999999, 0.0, 1.0471999999999999, 0.0, 1.0471999999999999]]
